chr19	 29998863 <==	 29998768	|	 30854769	==>  30854863	 chr19	74	inversion_rr	-	74,60,60	0,55,95	0	228	122	0	0	0	1	0
chr19	 21273723 <==	 21273624	|	 21404780	==>  21404865	 chr19	63	inversion_rr	overlap: CATA	63,60,60	0,39,70	50	195	121	51	0	0	2.77e-29	65.8
chr19	 29913602 <==	 29913511	|	 30023836	==>  30023928	 chr19	61	inversion_rr	interruption: AGG	61,60,60	0,72,92	0	222	117	0	25	0	1	0
chr19	 21391440 ==>	 21391534	|	 21334682	==>  21334776	 chr19	60	tandem_dup	interruption: A	60,60,60	0,75,74	32	197	126	40	0	0	3.18e-28	63.3
chr19	 28607969 ==>	 28608056	|	 31247553	<==  31247466	 chr19	59	inversion_ff	interruption: TAATATA	59,60,60	0,87,68	29	193	111	28	0	0	1.59e-21	47.9
chr19	 51271350 ==>	 51271436	|	 23982994	==>  23983076	 chr19	55	tandem_dup	interruption: TAATATA	55,60,60	0,34,24	0	179	113	0	1	0	1	0
chr19	 22521472 ==>	 22521562	|	 23284032	<==  23283943	 chr19	47	inversion_ff	interruption: AAA	47,43,60	0,16,70	0	192	136	0	0	0	1	0
chr19	 32079676 ==>	 32079772	|	 30493952	==>  30494049	 chr19	46	tandem_dup	overlap: AT	46,60,60	39,96,97	0	198	126	0	0	0	1	0
chr19	 24081176 ==>	 24081270	|	 30347449	<==  30347354	 chr19	45	inversion_ff	-	45,60,60	38,95,62	0	235	131	0	26	0	1	0
chr19	 28842694 <==	 28842601	|	 28863811	==>  28863890	 chr19	45	inversion_rr	-	45,60,60	0,43,60	58	188	94	53	16	0	1.65e-15	34
chr19	 29264670 <==	 29264580	|	 29605982	==>  29606072	 chr19	42	inversion_rr	interruption: CAGGA	42,60,60	0,38,90	0	189	109	0	0	0	1	0
chr19	 30471330 ==>	 30471415	|	 29598433	==>  29598520	 chr19	40	tandem_dup	interruption: CCCG	40,60,60	0,85,32	31	163	109	140	0	0	7.22e-64	145
chr2	 33141378 ==>	 33141470	|	 30382339	<==  30382261	 chr19	37	translocation_ff	interruption: AAA	37,50,60	0,17,78	3	179	125	0	0	0	1	0
chr19	 30304215 ==>	 30304308	|	 30304385	<==  30304292	 chr19	33	inversion_ff	-	33,60,60	28,93,60	7	56	-	15	0	-	3.9e-11	24
chr19	 30497253 <==	 30497156	|	 30520501	==>  30520582	 chr19	31	inversion_rr	overlap: TG	31,60,60	0,78,81	0	165	111	0	0	0	1	0
chr19	 31060676 ==>	 31060763	|	 31060522	==>  31060617	 chr19	26	tandem_dup	-	26,60,60	0,87,38	58	75	-	0	0	-	1	0
chr19	 30579296 ==>	 30579387	|	 51392918	==>  51393013	 chr19	23	deletion	-	23,60,60	0,91,76	9	309	207	13	100	69	0.000835	7.09
chr2	 33141437 ==>	 33141517	|	126195413	==> 126195492	 chr10	20	translocation_fr	interruption: CCCGCTTTGGGGGTG	20,14,60	0,6,41	0	193	139	0	0	0	1	0
chr9	113809979 <==	113809882	|	 32832266	==>  32832362	 chr19	19	translocation_rr	overlap: TTG	19,60,60	0,67,56	0	109	78	0	0	0	1	0
chr19	 14885418 ==>	 14885503	|	 34248449	<==  34248363	 chr19	18	inversion_ff	overlap: TTTCTTTCTTTCTTT	18,60,0	0,62,3	2	135	119	0	0	0	1	0
chr19	 28487187 ==>	 28487282	|	 28487453	==>  28487549	 chr19	18	deletion	overlap: A	18,60,60	0,95,77	0	64	-	0	0	-	1	0
chr19	 28856611 <==	 28856518	|	 29061739	==>  29061823	 chr19	16	inversion_rr	-	16,60,60	0,57,84	0	138	96	0	0	0	1	0
chr19	 31123110 ==>	 31123166	|	 28487421	==>  28487473	 chr19	12	tandem_dup	interruption: TAATATAACTTCCAGGGTCCATGTATATATTCCAGGGT	12,60,60	0,56,33	106	223	157	47	0	0	3.26e-21	47.2
chr19	 21335887 <==	 21335827	|	 21404780	==>  21404866	 chr19	11	inversion_rr	overlap: CATA	11,0,60	0,0,69	42	8	0	0	0	0	1	0
chr2	 33141583 ==>	 33141626	|	 30382339	<==  30382253	 chr19	10	translocation_ff	interruption: AAA	10,0,60	0,0,86	0	20	10	0	0	0	1	0
chr1	 96868855 ==>	 96868951	|	 14885503	<==  14885456	 chr19	4	translocation_ff	overlap: AAAGAAAGAAAGAAAAT	4,0,0	0,0,47	0	3	0	0	1	0	1	0
